1 1.000000 0.999953
2 1.000000 0.999886
3 0.999999 0.999804
4 0.999999 0.999709
5 0.999998 0.999603
6 0.999997 0.999487
7 0.999995 0.999362
8 0.999993 0.999228
9 0.999991 0.999086
10 0.999989 0.998937
11 0.999986 0.998780
12 0.999983 0.998616
13 0.999979 0.998445
14 0.999975 0.998268
15 0.999970 0.998085
16 0.999965 0.997895
17 0.999960 0.997700
18 0.999954 0.997499
19 0.999947 0.997293
20 0.999940 0.997081
21 0.999932 0.996865
22 0.999924 0.996643
23 0.999916 0.996416
24 0.999906 0.996184
25 0.999897 0.995947
26 0.999886 0.995706
27 0.999875 0.995460
28 0.999863 0.995209
29 0.999851 0.994955
30 0.999838 0.994695
31 0.999825 0.994432
32 0.999810 0.994164
33 0.999795 0.993892
34 0.999780 0.993616
35 0.999763 0.993336
36 0.999746 0.993052
37 0.999729 0.992764
38 0.999710 0.992473
39 0.999691 0.992177
40 0.999671 0.991878
41 0.999650 0.991575
42 0.999629 0.991268
43 0.999607 0.990958
44 0.999584 0.990644
45 0.999560 0.990326
46 0.999536 0.990005
47 0.999510 0.989681
48 0.999484 0.989353
49 0.999457 0.989022
50 0.999429 0.988687
51 0.999400 0.988349
52 0.999371 0.988008
53 0.999340 0.987663
54 0.999309 0.987315
55 0.999277 0.986964
56 0.999244 0.986610
57 0.999210 0.986253
58 0.999175 0.985892
59 0.999140 0.985529
60 0.999103 0.985162
61 0.999066 0.984793
62 0.999027 0.984420
63 0.998988 0.984044
64 0.998947 0.983666
65 0.998906 0.983284
66 0.998864 0.982900
67 0.998821 0.982512
68 0.998777 0.982122
69 0.998731 0.981729
70 0.998685 0.981333
71 0.998638 0.980934
72 0.998590 0.980532
73 0.998541 0.980128
74 0.998491 0.979721
75 0.998440 0.979311
76 0.998387 0.978898
77 0.998334 0.978483
78 0.998280 0.978065
79 0.998225 0.977644
80 0.998168 0.977221
81 0.998111 0.976795
82 0.998052 0.976367
83 0.997993 0.975935
84 0.997932 0.975502
85 0.997870 0.975065
86 0.997808 0.974626
87 0.997744 0.974185
88 0.997679 0.973741
89 0.997613 0.973294
90 0.997545 0.972846
91 0.997477 0.972394
92 0.997408 0.971940
93 0.997337 0.971484
94 0.997265 0.971025
95 0.997192 0.970563
96 0.997118 0.970100
97 0.997043 0.969634
98 0.996966 0.969165
99 0.996889 0.968694
100 0.996810 0.968221
101 0.996730 0.967745
102 0.996649 0.967267
103 0.996567 0.966787
104 0.996483 0.966304
105 0.996398 0.965819
106 0.996312 0.965332
107 0.996225 0.964843
108 0.996137 0.964351
109 0.996047 0.963857
110 0.995956 0.963360
111 0.995864 0.962862
112 0.995771 0.962361
113 0.995676 0.961858
114 0.995580 0.961352
115 0.995483 0.960845
116 0.995385 0.960335
117 0.995285 0.959823
118 0.995184 0.959309
119 0.995082 0.958793
120 0.994978 0.958274
121 0.994874 0.957754
122 0.994768 0.957231
123 0.994660 0.956706
124 0.994551 0.956179
125 0.994441 0.955650
126 0.994330 0.955118
127 0.994217 0.954585
128 0.994103 0.954050
129 0.993988 0.953512
130 0.993871 0.952972
131 0.993753 0.952431
132 0.993633 0.951887
133 0.993513 0.951341
134 0.993390 0.950793
135 0.993267 0.950243
136 0.993142 0.949692
137 0.993016 0.949138
138 0.992888 0.948582
139 0.992759 0.948024
140 0.992628 0.947464
141 0.992497 0.946902
142 0.992363 0.946338
143 0.992229 0.945772
144 0.992093 0.945204
145 0.991955 0.944634
146 0.991816 0.944062
147 0.991676 0.943488
148 0.991534 0.942912
149 0.991391 0.942335
150 0.991246 0.941755
151 0.991100 0.941173
152 0.990952 0.940590
153 0.990803 0.940005
154 0.990653 0.939417
155 0.990501 0.938828
156 0.990347 0.938237
157 0.990192 0.937644
158 0.990036 0.937049
159 0.989878 0.936452
160 0.989718 0.935853
161 0.989558 0.935253
162 0.989395 0.934651
163 0.989231 0.934046
164 0.989066 0.933440
165 0.988899 0.932832
166 0.988730 0.932222
167 0.988560 0.931611
168 0.988389 0.930997
169 0.988216 0.930382
170 0.988041 0.929765
171 0.987865 0.929146
172 0.987688 0.928525
173 0.987508 0.927903
174 0.987328 0.927279
175 0.987145 0.926653
176 0.986961 0.926025
177 0.986776 0.925395
178 0.986589 0.924764
179 0.986400 0.924130
180 0.986210 0.923495
181 0.986018 0.922859
182 0.985825 0.922220
183 0.985630 0.921580
184 0.985433 0.920938
185 0.985235 0.920294
186 0.985035 0.919649
187 0.984834 0.919002
188 0.984631 0.918353
189 0.984426 0.917702
190 0.984220 0.917050
191 0.984012 0.916396
192 0.983803 0.915740
193 0.983591 0.915082
194 0.983379 0.914423
195 0.983164 0.913762
196 0.982948 0.913100
197 0.982730 0.912435
198 0.982511 0.911769
199 0.982290 0.911102
200 0.982067 0.910432
201 0.981842 0.909761
202 0.981616 0.909089
203 0.981388 0.908414
204 0.981159 0.907738
205 0.980928 0.907061
206 0.980695 0.906381
207 0.980460 0.905701
208 0.980224 0.905018
209 0.979986 0.904334
210 0.979746 0.903648
211 0.979505 0.902960
212 0.979262 0.902271
213 0.979017 0.901581
214 0.978771 0.900888
215 0.978522 0.900194
216 0.978272 0.899499
217 0.978020 0.898801
218 0.977767 0.898103
219 0.977512 0.897402
220 0.977255 0.896700
221 0.976996 0.895997
222 0.976735 0.895292
223 0.976473 0.894585
224 0.976209 0.893876
225 0.975943 0.893167
226 0.975676 0.892455
227 0.975406 0.891742
228 0.975135 0.891027
229 0.974862 0.890311
230 0.974587 0.889593
231 0.974311 0.888874
232 0.974033 0.888153
233 0.973752 0.887431
234 0.973471 0.886707
235 0.973187 0.885981
236 0.972901 0.885254
237 0.972614 0.884526
238 0.972325 0.883795
239 0.972034 0.883064
240 0.971741 0.882330
241 0.971446 0.881596
242 0.971150 0.880860
243 0.970851 0.880122
244 0.970551 0.879382
245 0.970249 0.878642
246 0.969945 0.877899
247 0.969639 0.877156
248 0.969332 0.876410
249 0.969022 0.875663
250 0.968711 0.874915
251 0.968398 0.874165
252 0.968083 0.873414
253 0.967766 0.872661
254 0.967447 0.871907
255 0.967126 0.871151
256 0.966804 0.870394
257 0.966479 0.869635
258 0.966153 0.868875
259 0.965824 0.868113
260 0.965494 0.867350
261 0.965162 0.866585
262 0.964828 0.865819
263 0.964492 0.865052
264 0.964154 0.864283
265 0.963815 0.863512
266 0.963473 0.862741
267 0.963129 0.861967
268 0.962784 0.861192
269 0.962436 0.860416
270 0.962087 0.859638
271 0.961735 0.858859
272 0.961382 0.858079
273 0.961027 0.857297
274 0.960670 0.856513
275 0.960310 0.855729
276 0.959949 0.854942
277 0.959586 0.854155
278 0.959221 0.853365
279 0.958854 0.852575
280 0.958485 0.851783
281 0.958114 0.850990
282 0.957741 0.850195
283 0.957366 0.849399
284 0.956989 0.848601
285 0.956610 0.847802
286 0.956229 0.847002
287 0.955846 0.846200
288 0.955461 0.845397
289 0.955074 0.844592
290 0.954685 0.843786
291 0.954295 0.842979
292 0.953902 0.842170
293 0.953507 0.841360
294 0.953109 0.840548
295 0.952710 0.839736
296 0.952309 0.838921
297 0.951906 0.838106
298 0.951501 0.837289
299 0.951094 0.836470
300 0.950685 0.835650
301 0.950273 0.834829
302 0.949860 0.834007
303 0.949444 0.833183
304 0.949027 0.832358
305 0.948607 0.831531
306 0.948186 0.830703
307 0.947762 0.829874
308 0.947336 0.829044
309 0.946909 0.828212
310 0.946479 0.827378
311 0.946047 0.826544
312 0.945613 0.825708
313 0.945177 0.824870
314 0.944738 0.824032
315 0.944298 0.823192
316 0.943856 0.822350
317 0.943411 0.821508
318 0.942964 0.820664
319 0.942516 0.819818
320 0.942065 0.818972
321 0.941612 0.818124
322 0.941157 0.817275
323 0.940700 0.816424
324 0.940240 0.815572
325 0.939779 0.814719
326 0.939315 0.813864
327 0.938849 0.813009
328 0.938382 0.812151
329 0.937912 0.811293
330 0.937439 0.810433
331 0.936965 0.809572
332 0.936489 0.808710
333 0.936010 0.807846
334 0.935529 0.806981
335 0.935046 0.806115
336 0.934561 0.805247
337 0.934074 0.804379
338 0.933585 0.803508
339 0.933093 0.802637
340 0.932599 0.801764
341 0.932103 0.800890
342 0.931605 0.800015
343 0.931105 0.799139
344 0.930602 0.798261
345 0.930098 0.797382
346 0.929591 0.796501
347 0.929082 0.795620
348 0.928570 0.794737
349 0.928057 0.793853
350 0.927541 0.792967
351 0.927023 0.792081
352 0.926503 0.791193
353 0.925981 0.790303
354 0.925456 0.789413
355 0.924929 0.788521
356 0.924400 0.787628
357 0.923869 0.786734
358 0.923335 0.785838
359 0.922800 0.784942
360 0.922262 0.784044
361 0.921721 0.783144
362 0.921179 0.782244
363 0.920634 0.781342
364 0.920087 0.780439
365 0.919538 0.779535
366 0.918987 0.778630
367 0.918433 0.777723
368 0.917877 0.776815
369 0.917319 0.775906
370 0.916758 0.774996
371 0.916195 0.774084
372 0.915630 0.773171
373 0.915063 0.772257
374 0.914493 0.771342
375 0.913921 0.770425
376 0.913347 0.769508
377 0.912770 0.768589
378 0.912191 0.767668
379 0.911610 0.766747
380 0.911027 0.765824
381 0.910441 0.764901
382 0.909853 0.763976
383 0.909263 0.763049
384 0.908670 0.762122
385 0.908075 0.761193
386 0.907478 0.760263
387 0.906878 0.759332
388 0.906276 0.758400
389 0.905672 0.757467
390 0.905065 0.756532
391 0.904456 0.755596
392 0.903845 0.754659
393 0.903231 0.753721
394 0.902616 0.752781
395 0.901997 0.751841
396 0.901377 0.750899
397 0.900754 0.749956
398 0.900128 0.749012
399 0.899500 0.748066
400 0.898870 0.747120
401 0.898238 0.746172
402 0.897603 0.745223
403 0.896966 0.744273
404 0.896326 0.743322
405 0.895684 0.742369
406 0.895040 0.741416
407 0.894393 0.740461
408 0.893744 0.739505
409 0.893093 0.738548
410 0.892439 0.737589
411 0.891783 0.736630
412 0.891124 0.735669
413 0.890463 0.734708
414 0.889799 0.733745
415 0.889134 0.732780
416 0.888465 0.731815
417 0.887795 0.730849
418 0.887122 0.729881
419 0.886446 0.728912
420 0.885768 0.727942
421 0.885088 0.726971
422 0.884405 0.725999
423 0.883720 0.725026
424 0.883032 0.724051
425 0.882342 0.723075
426 0.881650 0.722098
427 0.880955 0.721120
428 0.880257 0.720141
429 0.879557 0.719161
430 0.878855 0.718180
431 0.878150 0.717197
432 0.877443 0.716213
433 0.876733 0.715229
434 0.876021 0.714243
435 0.875307 0.713255
436 0.874590 0.712267
437 0.873870 0.711278
438 0.873148 0.710287
439 0.872424 0.709296
440 0.871697 0.708303
441 0.870968 0.707309
442 0.870236 0.706314
443 0.869501 0.705318
444 0.868764 0.704321
445 0.868025 0.703322
446 0.867283 0.702323
447 0.866539 0.701322
448 0.865792 0.700320
449 0.865043 0.699318
450 0.864291 0.698314
451 0.863536 0.697308
452 0.862780 0.696302
453 0.862020 0.695295
454 0.861258 0.694286
455 0.860494 0.693277
456 0.859727 0.692266
457 0.858957 0.691255
458 0.858185 0.690242
459 0.857411 0.689228
460 0.856634 0.688213
461 0.855854 0.687196
462 0.855072 0.686179
463 0.854288 0.685161
464 0.853500 0.684141
465 0.852711 0.683121
466 0.851918 0.682099
467 0.851123 0.681076
468 0.850326 0.680052
469 0.849526 0.679027
470 0.848724 0.678001
471 0.847918 0.676974
472 0.847111 0.675946
473 0.846301 0.674917
474 0.845488 0.673886
475 0.844672 0.672855
476 0.843854 0.671822
477 0.843034 0.670789
478 0.842211 0.669754
479 0.841385 0.668718
480 0.840557 0.667681
481 0.839726 0.666643
482 0.838893 0.665604
483 0.838056 0.664564
484 0.837218 0.663523
485 0.836377 0.662480
486 0.835533 0.661437
487 0.834686 0.660393
488 0.833837 0.659347
489 0.832986 0.658301
490 0.832131 0.657253
491 0.831274 0.656204
492 0.830415 0.655154
493 0.829553 0.654103
494 0.828688 0.653052
495 0.827820 0.651999
496 0.826950 0.650945
497 0.826078 0.649889
498 0.825202 0.648833
499 0.824325 0.647776
500 0.823444 0.646718
501 0.822561 0.645658
502 0.821675 0.644598
503 0.820786 0.643537
504 0.819895 0.642474
505 0.819001 0.641410
506 0.818105 0.640346
507 0.817206 0.639280
508 0.816304 0.638213
509 0.815399 0.637146
510 0.814492 0.636077
511 0.813583 0.635007
512 0.812670 0.633936
513 0.811755 0.632864
514 0.810837 0.631791
515 0.809917 0.630717
516 0.808993 0.629642
517 0.808068 0.628566
518 0.807139 0.627489
519 0.806208 0.626410
520 0.805274 0.625331
521 0.804337 0.624251
522 0.803398 0.623170
523 0.802456 0.622087
524 0.801511 0.621004
525 0.800564 0.619919
526 0.799614 0.618834
527 0.798661 0.617748
528 0.797705 0.616660
529 0.796747 0.615571
530 0.795786 0.614482
531 0.794822 0.613391
532 0.793856 0.612300
533 0.792886 0.611207
534 0.791915 0.610113
535 0.790940 0.609019
536 0.789963 0.607923
537 0.788982 0.606826
538 0.788000 0.605728
539 0.787014 0.604630
540 0.786026 0.603530
541 0.785035 0.602429
542 0.784041 0.601327
543 0.783044 0.600224
544 0.782045 0.599120
545 0.781043 0.598015
546 0.780038 0.596910
547 0.779030 0.595803
548 0.778020 0.594695
549 0.777007 0.593586
550 0.775991 0.592476
551 0.774972 0.591365
552 0.773951 0.590253
553 0.772926 0.589140
554 0.771899 0.588026
555 0.770870 0.586911
556 0.769837 0.585795
557 0.768802 0.584678
558 0.767764 0.583560
559 0.766723 0.582441
560 0.765679 0.581321
561 0.764632 0.580200
562 0.763583 0.579078
563 0.762531 0.577955
564 0.761476 0.576831
565 0.760418 0.575706
566 0.759358 0.574580
567 0.758294 0.573453
568 0.757228 0.572325
569 0.756159 0.571196
570 0.755087 0.570066
571 0.754012 0.568936
572 0.752935 0.567804
573 0.751855 0.566671
574 0.750772 0.565537
575 0.749686 0.564402
576 0.748597 0.563266
577 0.747505 0.562129
578 0.746411 0.560991
579 0.745313 0.559852
580 0.744213 0.558713
581 0.743110 0.557572
582 0.742004 0.556430
583 0.740896 0.555287
584 0.739784 0.554144
585 0.738670 0.552999
586 0.737552 0.551853
587 0.736432 0.550707
588 0.735309 0.549559
589 0.734183 0.548410
590 0.733055 0.547261
591 0.731923 0.546110
592 0.730789 0.544959
593 0.729651 0.543806
594 0.728511 0.542653
595 0.727368 0.541498
596 0.726222 0.540343
597 0.725073 0.539186
598 0.723921 0.538029
599 0.722767 0.536871
600 0.721609 0.535711
601 0.720449 0.534551
602 0.719285 0.533390
603 0.718119 0.532228
604 0.716950 0.531064
605 0.715778 0.529900
606 0.714603 0.528735
607 0.713425 0.527569
608 0.712244 0.526402
609 0.711061 0.525234
610 0.709874 0.524065
611 0.708684 0.522895
612 0.707492 0.521725
613 0.706297 0.520553
614 0.705098 0.519380
615 0.703897 0.518206
616 0.702693 0.517032
617 0.701486 0.515856
618 0.700276 0.514680
619 0.699063 0.513502
620 0.697847 0.512324
621 0.696628 0.511144
622 0.695406 0.509964
623 0.694182 0.508783
624 0.692954 0.507600
625 0.691723 0.506417
626 0.690490 0.505233
627 0.689253 0.504048
628 0.688014 0.502862
629 0.686771 0.501675
630 0.685526 0.500487
631 0.684277 0.499298
632 0.683026 0.498108
633 0.681772 0.496917
634 0.680514 0.495726
635 0.679254 0.494533
636 0.677991 0.493340
637 0.676724 0.492145
638 0.675455 0.490950
639 0.674183 0.489753
640 0.672908 0.488556
641 0.671629 0.487358
642 0.670348 0.486158
643 0.669064 0.484958
644 0.667777 0.483757
645 0.666487 0.482555
646 0.665194 0.481352
647 0.663897 0.480149
648 0.662598 0.478944
649 0.661296 0.477738
650 0.659991 0.476531
651 0.658682 0.475324
652 0.657371 0.474115
653 0.656057 0.472906
654 0.654740 0.471696
655 0.653419 0.470484
656 0.652096 0.469272
657 0.650770 0.468059
658 0.649440 0.466845
659 0.648108 0.465630
660 0.646772 0.464414
661 0.645434 0.463197
662 0.644092 0.461980
663 0.642748 0.460761
664 0.641400 0.459541
665 0.640050 0.458321
666 0.638696 0.457100
667 0.637339 0.455877
668 0.635979 0.454654
669 0.634616 0.453430
670 0.633251 0.452205
671 0.631882 0.450979
672 0.630510 0.449752
673 0.629134 0.448524
674 0.627756 0.447295
675 0.626375 0.446066
676 0.624991 0.444835
677 0.623603 0.443604
678 0.622213 0.442372
679 0.620819 0.441138
680 0.619423 0.439904
681 0.618023 0.438669
682 0.616620 0.437433
683 0.615214 0.436196
684 0.613805 0.434958
685 0.612393 0.433720
686 0.610978 0.432480
687 0.609560 0.431240
688 0.608139 0.429998
689 0.606714 0.428756
690 0.605287 0.427513
691 0.603856 0.426269
692 0.602422 0.425024
693 0.600985 0.423778
694 0.599546 0.422531
695 0.598102 0.421283
696 0.596656 0.420035
697 0.595207 0.418785
698 0.593754 0.417535
699 0.592299 0.416283
700 0.590840 0.415031
701 0.589378 0.413778
702 0.587914 0.412524
703 0.586445 0.411269
704 0.584974 0.410013
705 0.583500 0.408757
706 0.582022 0.407499
707 0.580542 0.406241
708 0.579058 0.404982
709 0.577571 0.403721
710 0.576081 0.402460
711 0.574588 0.401198
712 0.573092 0.399935
713 0.571592 0.398672
714 0.570089 0.397407
715 0.568584 0.396141
716 0.567075 0.394875
717 0.565562 0.393608
718 0.564047 0.392340
719 0.562529 0.391071
720 0.561007 0.389801
721 0.559482 0.388530
722 0.557954 0.387258
723 0.556423 0.385985
724 0.554889 0.384712
725 0.553351 0.383438
726 0.551811 0.382162
727 0.550267 0.380886
728 0.548720 0.379609
729 0.547169 0.378331
730 0.545616 0.377053
731 0.544059 0.375773
732 0.542499 0.374493
733 0.540936 0.373211
734 0.539370 0.371929
735 0.537801 0.370646
736 0.536228 0.369362
737 0.534652 0.368077
738 0.533073 0.366791
739 0.531491 0.365505
740 0.529905 0.364217
741 0.528317 0.362929
742 0.526725 0.361640
743 0.525130 0.360350
744 0.523531 0.359059
745 0.521930 0.357767
746 0.520325 0.356474
747 0.518717 0.355181
748 0.517106 0.353886
749 0.515491 0.352591
750 0.513873 0.351295
751 0.512253 0.349998
752 0.510628 0.348700
753 0.509001 0.347401
754 0.507370 0.346102
755 0.505736 0.344801
756 0.504099 0.343500
757 0.502459 0.342198
758 0.500815 0.340895
759 0.499168 0.339591
760 0.497518 0.338286
761 0.495864 0.336981
762 0.494208 0.335674
763 0.492548 0.334367
764 0.490885 0.333059
765 0.489218 0.331750
766 0.487548 0.330440
767 0.485875 0.329129
768 0.484199 0.327817
769 0.482519 0.326505
770 0.480836 0.325192
771 0.479150 0.323877
772 0.477461 0.322562
773 0.475768 0.321247
774 0.474072 0.319930
775 0.472373 0.318612
776 0.470670 0.317294
777 0.468964 0.315975
778 0.467255 0.314655
779 0.465543 0.313334
780 0.463827 0.312012
781 0.462108 0.310689
782 0.460386 0.309366
783 0.458660 0.308041
784 0.456931 0.306716
785 0.455199 0.305390
786 0.453463 0.304063
787 0.451724 0.302736
788 0.449982 0.301407
789 0.448237 0.300078
790 0.446488 0.298747
791 0.444736 0.297416
792 0.442980 0.296084
793 0.441221 0.294751
794 0.439459 0.293418
795 0.437694 0.292083
796 0.435925 0.290748
797 0.434153 0.289412
798 0.432377 0.288075
799 0.430598 0.286737
800 0.428816 0.285399
801 0.427031 0.284059
802 0.425242 0.282719
803 0.423450 0.281378
804 0.421654 0.280036
805 0.419855 0.278693
806 0.418053 0.277349
807 0.416247 0.276005
808 0.414438 0.274659
809 0.412626 0.273313
810 0.410810 0.271966
811 0.408991 0.270618
812 0.407169 0.269270
813 0.405343 0.267920
814 0.403514 0.266570
815 0.401681 0.265219
816 0.399846 0.263867
817 0.398006 0.262514
818 0.396164 0.261161
819 0.394318 0.259806
820 0.392468 0.258451
821 0.390615 0.257095
822 0.388759 0.255738
823 0.386900 0.254380
824 0.385037 0.253021
825 0.383170 0.251662
826 0.381301 0.250302
827 0.379427 0.248941
828 0.377551 0.247579
829 0.375671 0.246216
830 0.373788 0.244853
831 0.371901 0.243488
832 0.370011 0.242123
833 0.368117 0.240757
834 0.366220 0.239391
835 0.364320 0.238023
836 0.362416 0.236654
837 0.360509 0.235285
838 0.358598 0.233915
839 0.356684 0.232544
840 0.354767 0.231173
841 0.352846 0.229800
842 0.350921 0.228427
843 0.348994 0.227053
844 0.347062 0.225678
845 0.345128 0.224302
846 0.343190 0.222925
847 0.341248 0.221548
848 0.339303 0.220170
849 0.337355 0.218791
850 0.335403 0.217411
851 0.333448 0.216030
852 0.331489 0.214649
853 0.329527 0.213266
854 0.327561 0.211883
855 0.325592 0.210499
856 0.323620 0.209115
857 0.321644 0.207729
858 0.319664 0.206343
859 0.317681 0.204956
860 0.315695 0.203568
861 0.313705 0.202179
862 0.311712 0.200790
863 0.309715 0.199399
864 0.307715 0.198008
865 0.305711 0.196616
866 0.303704 0.195223
867 0.301693 0.193830
868 0.299679 0.192435
869 0.297661 0.191040
870 0.295640 0.189644
871 0.293616 0.188247
872 0.291588 0.186850
873 0.289556 0.185451
874 0.287521 0.184052
875 0.285482 0.182652
876 0.283440 0.181252
877 0.281395 0.179850
878 0.279346 0.178448
879 0.277293 0.177044
880 0.275237 0.175640
881 0.273177 0.174236
882 0.271114 0.172830
883 0.269048 0.171424
884 0.266978 0.170017
885 0.264904 0.168609
886 0.262827 0.167200
887 0.260746 0.165790
888 0.258662 0.164380
889 0.256574 0.162969
890 0.254483 0.161557
891 0.252389 0.160144
892 0.250290 0.158731
893 0.248188 0.157316
894 0.246083 0.155901
895 0.243974 0.154485
896 0.241862 0.153069
897 0.239746 0.151651
898 0.237626 0.150233
899 0.235503 0.148814
900 0.233377 0.147394
901 0.231247 0.145973
902 0.229113 0.144552
903 0.226976 0.143130
904 0.224835 0.141707
905 0.222691 0.140283
906 0.220543 0.138858
907 0.218392 0.137433
908 0.216237 0.136007
909 0.214078 0.134580
910 0.211916 0.133152
911 0.209750 0.131724
912 0.207581 0.130294
913 0.205408 0.128864
914 0.203232 0.127434
915 0.201052 0.126002
916 0.198869 0.124570
917 0.196681 0.123136
918 0.194491 0.121702
919 0.192297 0.120268
920 0.190099 0.118832
921 0.187897 0.117396
922 0.185692 0.115959
923 0.183484 0.114521
924 0.181272 0.113082
925 0.179056 0.111643
926 0.176836 0.110203
927 0.174613 0.108762
928 0.172387 0.107320
929 0.170157 0.105877
930 0.167923 0.104434
931 0.165686 0.102990
932 0.163445 0.101545
933 0.161200 0.100099
934 0.158952 0.098653
935 0.156700 0.097206
936 0.154445 0.095758
937 0.152186 0.094309
938 0.149923 0.092860
939 0.147657 0.091409
940 0.145387 0.089958
941 0.143113 0.088506
942 0.140836 0.087054
943 0.138555 0.085600
944 0.136271 0.084146
945 0.133983 0.082691
946 0.131691 0.081236
947 0.129396 0.079779
948 0.127097 0.078322
949 0.124795 0.076864
950 0.122488 0.075405
951 0.120178 0.073946
952 0.117865 0.072485
953 0.115548 0.071024
954 0.113227 0.069563
955 0.110903 0.068100
956 0.108575 0.066637
957 0.106243 0.065173
958 0.103907 0.063708
959 0.101568 0.062242
960 0.099226 0.060776
961 0.096879 0.059308
962 0.094529 0.057841
963 0.092175 0.056372
964 0.089818 0.054902
965 0.087457 0.053432
966 0.085092 0.051961
967 0.082724 0.050489
968 0.080352 0.049017
969 0.077976 0.047544
970 0.075597 0.046070
971 0.073214 0.044595
972 0.070827 0.043119
973 0.068436 0.041643
974 0.066042 0.040166
975 0.063644 0.038688
976 0.061243 0.037210
977 0.058838 0.035730
978 0.056429 0.034250
979 0.054016 0.032769
980 0.051600 0.031288
981 0.049180 0.029805
982 0.046756 0.028322
983 0.044329 0.026838
984 0.041898 0.025354
985 0.039463 0.023868
986 0.037024 0.022382
987 0.034582 0.020895
988 0.032136 0.019408
989 0.029686 0.017919
990 0.027233 0.016430
991 0.024776 0.014940
992 0.022315 0.013450
993 0.019851 0.011958
994 0.017382 0.010466
995 0.014910 0.008973
996 0.012435 0.007479
997 0.009955 0.005985
998 0.007472 0.004490
999 0.004985 0.002994
1000 0.002494 0.001497
